1890 0
1891 0
1892 0
1893 0
1894 0
1895 0
1896 0
1897 0
1898 0
1899 0
1900 2232
1901 1786
1902 1082
1903 832
1904 787
1905 522
1906 465
1907 459
1908 378
1909 288
1910 272
1911 247
1912 220
1913 140
1914 87
1915 99
1916 86
1917 103
1918 120
1919 156
1920 190
1921 179
1922 229
1923 249
1924 278
1925 278
1926 264
1927 325
1928 393
1929 384
1930 459
1931 396
1932 461
1933 614
1934 556
1935 605
1936 591
1937 644
1938 698
1939 640
1940 740
1941 808
1942 860
1943 861
1944 949
1945 1007
1946 1071
1947 1262
1948 1365
1949 1597
1950 1568
1951 1744
1952 2145
1953 2075
1954 2443
1955 2382
1956 2463
1957 2677
1958 2485
1959 1967
1960 2108
1961 2039
1962 3686
1963 4559
1964 4065
1965 4035
1966 4245
1967 3754
1968 4933
1969 4449
1970 5038
1971 4620
1972 4721
1973 4356
1974 4349
1975 4099
1976 3994
1977 3698
1978 4099
1979 4031
1980 3643
1981 4265
1982 4587
1983 4072
1984 4159
1985 4343
1986 5007
1987 5689
1988 5417
1989 5675
1990 5418
1991 4501
1992 4152
1993 4277
1994 3886
1995 4040
1996 3648
1997 3628
1998 3684
1999 3371
2000 3308
2001 3033
2002 2614
2003 2004
2004 1928
2005 1574
2006 1383
2007 1445
2008 1333
2009 1346
2010 1170
2011 1228
2012 1352
2013 1123
2014 1210
2015 921
2016 1006
2017 898
2018 655
2019 570
2020 239
2021 57
